       0/9        0G    0.1198   0.03721   0.06831    0.2253         7       640 0.0001583   0.02924 3.716e-05 6.701e-06    0.1073   0.03373   0.06036
       1/9        0G    0.1167   0.03907   0.06584    0.2216        11       640 0.0001624   0.07921 0.0001032  1.84e-05    0.1056    0.0319    0.0602
       2/9        0G    0.1201   0.04012   0.07079     0.231        19       640 0.0001344   0.08958 0.0001063 1.512e-05    0.1027   0.03053   0.05999
       3/9        0G    0.1175   0.03626   0.07101    0.2247        13       640  0.005706    0.1158  0.002982 0.0004632    0.1007   0.02882   0.06053
       4/9        0G    0.1133   0.04206   0.06848    0.2238        27       640  0.004128    0.1508  0.002129 0.0003375   0.09941   0.02713   0.06128
       5/9        0G    0.1105   0.03858   0.06784     0.217        16       640  0.002261    0.1508 0.0009541 0.0001767   0.09769   0.02606   0.06112
       6/9        0G     0.101   0.03607   0.06305    0.2001        11       640  0.002956    0.2495  0.001954  0.000295   0.09539   0.02546   0.06106
       7/9        0G    0.1027   0.03846   0.06636    0.2075        15       640  0.003276    0.1183  0.002951 0.0003786   0.09298   0.02487   0.06152
       8/9        0G   0.09923   0.03907   0.06931    0.2076        15       640   0.00317    0.1329  0.002214 0.0003922   0.08821   0.02479   0.06138
       9/9        0G   0.09614   0.04036   0.06789    0.2044        15       640   0.00274   0.04062  0.001126  0.000232   0.08039   0.02457   0.06086
