      0/49        0G   0.09617   0.02544   0.05633    0.1779        23       640 0.0002528    0.1278 0.0001904 2.406e-05   0.04916   0.01136   0.03398
      1/49        0G   0.07805   0.02515   0.05241    0.1556        25       640  0.000474   0.06577 0.0003019  4.22e-05   0.04538   0.01007   0.03271
      2/49        0G   0.06944   0.02472   0.04975    0.1439        21       640  0.000627  0.001852 0.0001178 2.469e-05   0.04619     0.009   0.03287
      3/49        0G   0.06692   0.02487   0.05153    0.1433        24       640  0.001714   0.02983 0.0009302 0.0001659   0.04104  0.009888   0.03158
      4/49        0G    0.0611   0.02458   0.05154    0.1372        24       640  0.009187   0.07772  0.005496 0.0009017   0.03615   0.01055   0.03083
      5/49        0G   0.05581   0.02445     0.048    0.1283        22       640   0.01183      0.11   0.00775  0.001375   0.03164   0.01041   0.03127
      6/49        0G   0.05258   0.02566   0.04703    0.1253        27       640   0.02338     0.121   0.01721  0.003098   0.03024   0.01079   0.03068
      7/49        0G   0.04572   0.02476   0.04317    0.1137        20       640   0.01616   0.07099  0.009291  0.001679    0.0308   0.01048   0.02976
      8/49        0G   0.04631   0.02538   0.04442    0.1161        23       640   0.02088    0.2363   0.02947  0.005382   0.02732   0.01081    0.0298
      9/49        0G   0.04366   0.02545   0.04596    0.1151        22       640   0.01889   0.09174   0.01653  0.003573   0.02908   0.01025   0.02921
     10/49        0G   0.04895   0.02447   0.04745    0.1209        22       640    0.1436    0.1413   0.03368  0.009131   0.02879   0.01115   0.02756
     11/49        0G   0.04376   0.02526   0.04391    0.1129        24       640   0.04903    0.1547   0.05683    0.0157   0.02478   0.01096   0.02693
     12/49        0G   0.04221   0.02372   0.04399    0.1099        20       640    0.0841    0.2769    0.1089   0.03632   0.02409  0.009752   0.02657
     13/49        0G    0.0422   0.02265   0.04257    0.1074        30       640    0.0548    0.2953   0.08514     0.022   0.02194  0.009428   0.02653
     14/49        0G   0.03696   0.02272    0.0426    0.1023        20       640      0.13     0.304    0.1704   0.05671   0.02075  0.009565   0.02499
     15/49        0G   0.03796   0.02091   0.04044   0.09932        20       640    0.1104    0.2708     0.142    0.0492   0.02146  0.008502    0.0254
     16/49        0G   0.03411   0.02046   0.04165   0.09623        21       640    0.3435    0.1731    0.1808   0.06385   0.02404   0.00816   0.02446
     17/49        0G   0.03982   0.02117   0.04334    0.1043        20       640    0.1601    0.4151    0.2318   0.08254   0.02221  0.008038   0.02287
     18/49        0G   0.04157   0.02018   0.04191    0.1037        20       640    0.2782    0.2675    0.2267   0.08968   0.02228  0.007316   0.02176
     19/49        0G   0.03791   0.02112   0.04187    0.1009        30       640    0.1594    0.4586    0.2156   0.06873   0.02172  0.007532   0.02172
     20/49        0G     0.039   0.01992   0.04067   0.09959        18       640    0.3162     0.396    0.3076    0.1135   0.02048  0.007835   0.02007
     21/49        0G   0.03703    0.0198   0.03534   0.09216        24       640    0.2469    0.4926    0.3056    0.1329   0.01883  0.007073   0.01991
     22/49        0G   0.03702   0.01882   0.03725   0.09308        20       640    0.5351    0.3415    0.3637    0.1563   0.01968  0.006988   0.01813
     23/49        0G   0.03697   0.01914   0.03576   0.09186        20       640    0.5868    0.3366    0.3995     0.164   0.01896  0.007172   0.01748
     24/49        0G   0.03859   0.01938   0.03895   0.09692        23       640    0.2362    0.5564    0.3693    0.1629   0.02107   0.00673   0.01901
     25/49        0G   0.03738   0.01955   0.03472   0.09165        24       640    0.2908       0.5    0.4034    0.1737    0.0201   0.00685   0.01703
     26/49        0G   0.03576   0.01873   0.03307   0.08755        27       640    0.5946    0.3739    0.3939     0.165   0.02238  0.007102   0.01722
     27/49        0G   0.03411   0.01845   0.03367   0.08623        29       640    0.6275    0.4142    0.4834    0.1981   0.01928  0.006552   0.01552
     28/49        0G   0.03626   0.01888    0.0321   0.08724        19       640    0.3327    0.4048    0.3472    0.1482   0.02075  0.006192   0.01786
     29/49        0G   0.03727   0.01848   0.03136   0.08711        18       640    0.4168    0.3995    0.3649    0.1409   0.02627  0.006861   0.01986
     30/49        0G   0.03352   0.01807   0.03246   0.08405        22       640     0.473    0.4334    0.4214    0.1744   0.02078  0.006962   0.01572
     31/49        0G   0.03884   0.01847   0.03599    0.0933        24       640    0.8373    0.3785    0.5169    0.2388   0.01856  0.006425   0.01436
     32/49        0G   0.03449   0.01849   0.03037   0.08335        28       640    0.4517    0.5969    0.6008    0.2805   0.02023  0.006343   0.01354
     33/49        0G   0.03399   0.01873   0.03043   0.08315        24       640    0.5448    0.5576    0.5849    0.2999   0.02011  0.006273   0.01341
     34/49        0G   0.03101   0.01803   0.02885   0.07789        30       640    0.4986    0.6056    0.6203    0.3209   0.01787  0.006194   0.01309
     35/49        0G   0.03476   0.01755   0.02906   0.08137        25       640    0.5751    0.6157    0.6589    0.3244    0.0181  0.006263   0.01236
     36/49        0G   0.03409   0.01707   0.03086   0.08202        20       640    0.6308    0.6072    0.6631    0.3331   0.01959  0.005863   0.01222
     37/49        0G   0.03157   0.01622   0.03126   0.07905        15       640    0.6488    0.6094    0.6905    0.3692   0.01711  0.005373   0.01185
     38/49        0G   0.03472   0.01752   0.02886    0.0811        23       640    0.6217    0.6655    0.7066    0.3557   0.01753  0.005264    0.0117
     39/49        0G    0.0314   0.01678   0.02643   0.07461        30       640    0.6108    0.7666    0.7499    0.4176   0.01692  0.005243   0.01093
     40/49        0G    0.0334   0.01712   0.03206   0.08258        25       640    0.5359    0.6597    0.6527    0.3573   0.01602  0.005314    0.0123
     41/49        0G   0.02955   0.01676   0.02718   0.07348        16       640     0.584    0.6963    0.7068    0.3979   0.01593  0.005456    0.0106
     42/49        0G   0.03042   0.01667    0.0274   0.07449        26       640    0.6084    0.6876    0.7293    0.3928   0.01575  0.005731   0.01048
     43/49        0G   0.03005   0.01671   0.02863   0.07539        20       640    0.6674     0.705    0.7285     0.409   0.01599  0.005316   0.01024
     44/49        0G   0.03124   0.01742   0.02872   0.07737        29       640    0.6266    0.7111    0.7428    0.4346   0.01578  0.005154   0.01014
     45/49        0G   0.02966   0.01687   0.02626   0.07279        21       640    0.7613    0.6646    0.7555    0.4524   0.01526  0.005176   0.01003
     46/49        0G   0.02719   0.01591   0.02331   0.06642        20       640    0.7399    0.7028    0.7768    0.4649   0.01503  0.005095  0.009369
     47/49        0G     0.029   0.01679   0.02532   0.07111        30       640    0.7274    0.7043    0.7745    0.4639    0.0151  0.005005  0.008998
     48/49        0G    0.0318   0.01683   0.02576   0.07438        22       640    0.7238    0.7479    0.7949    0.4817   0.01546  0.005016  0.008535
     49/49        0G   0.03417   0.01688   0.02472   0.07578        27       640    0.7671    0.7546    0.8157     0.495   0.01443  0.004904  0.008591
